-15
10000000 00000000 00000000 00001111

------------------------------------------------------------
右移
①，错误
10000000 00000000 00000000 00001111
10000000 00000000 00000000 00000011 = -3

结束

------------------------------
②，正确
10000000 00000000 00000000 00001111

11111111 11111111 11111111 11110000
11111111 11111111 11111111 11110001 补码：取反后，再加1

11111111 11111111 11111111 11111100 为 >> 2 之后

11111111 11111111 11111111 11111011
10000000 00000000 00000000 00000100 = -4 原码：减1后，再取反

结束

------------------------------------------------------------
无符号右移
①，正确
10000000 00000000 00000000 00001111

11111111 11111111 11111111 11110000
11111111 11111111 11111111 11110001 补码：取反后，再加1

00111111 11111111 11111111 11111100 = 2 ^ 30 - 1 - 3 = 1073741820 为 >>> 2 之后

结束

------------------------------------------------------------
左移
①，正确
10000000 00000000 00000000 00001111
10000000 00000000 00000000 00111100 = -60

结束

------------------------------
②，正确
10000000 00000000 00000000 00001111

11111111 11111111 11111111 11110000
11111111 11111111 11111111 11110001 补码：取反后，再加1

11111111 11111111 11111111 11000100 为 << 2 之后

11111111 11111111 11111111 11000011
10000000 00000000 00000000 00111100 = -60 原码：减1后，再取反

结束